3637540459146593639
8408462746465814643
3637540459146593639
5109470997758484265
3364542905610852267
8450407968639461859
3637540459146593639
150346237738035192
7417221384466648551
1197105577798542682
150346237738035192
150346237738035192
3637540459146593639
4835695807260479501
2697991130498458712
1197105577798542682
8222907814687453445
7449943748619623145
150346237738035192
793725101485052109
8210946490246667956
184680029042951182
2197744665398314561
3637540459146593639
7417221384466648551
184680029042951182
150346237738035192
362297221456834044
8585205036144287489
6811776745761651178
8210946490246667956
4059247791661032504
3046822245052924652
3046822245052924652
8821862535400836271
7919891211012442604
8585205036144287489
8585205036144287489
4450190830532737859
8486685203742449322
5912924844580054313
8210946490246667956
2835798355540162428
3637540459146593639
5132287770997008481
8363790042945400668
8363790042945400668
150346237738035192
6312891028436039147
3400321001353412101